%YAML:1.0
---
type: IMU
name: sbg_ellipseA
Gyr:
   unit: " rad/s"
   avg-axis:
      gyr_n: 6.6490079747292088e-04
      gyr_w: 3.1180382905802046e-05
   x-axis:
      gyr_n: 6.1099259354875017e-04
      gyr_w: 2.5296286924629983e-05
   y-axis:
      gyr_n: 6.8858644594868676e-04
      gyr_w: 3.7625825687747727e-05
   z-axis:
      gyr_n: 6.9512335292132538e-04
      gyr_w: 3.0619036105028438e-05
Acc:
   unit: " m/s^2"
   avg-axis:
      acc_n: 8.4205868845127034e-03
      acc_w: 1.1408847401599277e-04
   x-axis:
      acc_n: 8.6561241901232985e-03
      acc_w: 9.5149426535561841e-05
   y-axis:
      acc_n: 9.0506634816455555e-03
      acc_w: 1.1185856878083127e-04
   z-axis:
      acc_n: 7.5549729817692554e-03
      acc_w: 1.3525742673158522e-04
